Sample	STAR_mqc-generalstats-star-uniquely_mapped_percent	STAR_mqc-generalstats-star-uniquely_mapped	fastp_mqc-generalstats-fastp-pct_duplication	fastp_mqc-generalstats-fastp-after_filtering_q30_rate	fastp_mqc-generalstats-fastp-after_filtering_q30_bases	fastp_mqc-generalstats-fastp-filtering_result_passed_filter_reads	fastp_mqc-generalstats-fastp-after_filtering_gc_content	fastp_mqc-generalstats-fastp-pct_surviving	fastp_mqc-generalstats-fastp-pct_adapter
Heart_10_CKDL190139952-1a-D705-AK1681_H3WF3BBXX_L4	50.2	8406765.0							
Heart_10_CKDL190139952-1a-D705-AK1681_H3WF3BBXX_L4_1			33.2576	0.969241	4086745765.0	33492882.0	0.545978	97.16915964816012	56.04117935163894
Heart_11_CKDL190139952-1a-D701-AK1682_H3WF3BBXX_L4	47.49	7761288.0							
Heart_11_CKDL190139952-1a-D701-AK1682_H3WF3BBXX_L4_1			32.0676	0.967443	3845317558.0	32688618.0	0.544431	94.8832955786927	59.204480956561575
Heart_12_CKDL190139952-1a-D702-AK1682_H3WF3BBXX_L4	46.82	8458437.0							
Heart_12_CKDL190139952-1a-D702-AK1682_H3WF3BBXX_L4_1			32.1368	0.968742	4309461712.0	36134278.0	0.552268	97.29089457500409	58.03708312435185
Heart_13_CKDL190139952-1a-DY0088-AK1682_H3WF3BBXX_L4	48.69	7446398.0							
Heart_13_CKDL190139952-1a-DY0088-AK1682_H3WF3BBXX_L4_1			33.1937	0.968335	3714845862.0	30589390.0	0.550767	95.79689100789672	57.26758080248392
Heart_14_CKDL190139952-1a-D704-AK1682_H3WF3BBXX_L4	51.54	9777719.0							
Heart_14_CKDL190139952-1a-D704-AK1682_H3WF3BBXX_L4_1			31.5207	0.969237	4508856494.0	37940356.0	0.534652	97.5277337070576	57.782105448237786
Heart_15_CKDL190139952-1a-D705-AK1682_H3WF3BBXX_L4	48.83	8456976.0							
Heart_15_CKDL190139952-1a-D705-AK1682_H3WF3BBXX_L4_1			31.7552	0.970118	4023404773.0	34635642.0	0.538124	97.02641607618496	60.32006610280054
Heart_16_CKDL190139952-1a-D701-AK1780_H3WF3BBXX_L4	46.87	5678797.0							
Heart_16_CKDL190139952-1a-D701-AK1780_H3WF3BBXX_L4_1			30.359799999999996	0.968081	2905180846.0	24230690.0	0.557195	96.96517644678488	57.381657032052104
Heart_17_CKDL190139952-1a-D702-AK1780_H3WF3BBXX_L4	43.6	6830690.0							
Heart_17_CKDL190139952-1a-D702-AK1780_H3WF3BBXX_L4_1			35.3521	0.968081	3921481360.0	31332774.0	0.569047	97.96914467157572	55.08772855775672
Heart_18_CKDL190139952-1a-DY0088-AK1780_H3WF3BBXX_L4	39.42	8130134.0							
Heart_18_CKDL190139952-1a-DY0088-AK1780_H3WF3BBXX_L4_1			39.213	0.966683	5171558137.0	41246720.0	0.609856	96.82810506062744	53.49925160594846
Heart_19_CKDL190139952-1a-D704-AK1780_H3WF3BBXX_L4	42.99	7983918.0							
Heart_19_CKDL190139952-1a-D704-AK1780_H3WF3BBXX_L4_1			38.0869	0.968199	4623684855.0	37141644.0	0.587545	96.19359572734938	55.42672843227333
Heart_1_CKDL190139952-1a-D701-AK1680_H3WF3BBXX_L4	42.61	5171207.0							
Heart_1_CKDL190139952-1a-D701-AK1680_H3WF3BBXX_L4_1			23.3625	0.972042	2392156823.0	24270400.0	0.562231	90.72339256086423	76.55952885318924
Heart_20_CKDL190139952-1a-D705-AK1780_H3WF3BBXX_L4	41.99	6287404.0							
Heart_20_CKDL190139952-1a-D705-AK1780_H3WF3BBXX_L4_1			33.3703	0.968277	3563144774.0	29945390.0	0.605239	95.8541852282702	58.39441897435533
Heart_2_CKDL190139952-1a-D702-AK1680_H3WF3BBXX_L4	44.14	7348212.0							
Heart_2_CKDL190139952-1a-D702-AK1680_H3WF3BBXX_L4_1			23.9474	0.972787	3243997371.0	33297188.0	0.569487	92.41124177505182	77.15057316183098
Heart_3_CKDL190139952-1a-DY0088-AK1680_H3WF3BBXX_L4	44.28	6485905.0							
Heart_3_CKDL190139952-1a-DY0088-AK1680_H3WF3BBXX_L4_1			25.740800000000004	0.972051	2932966772.0	29293916.0	0.557022	88.86723947481113	76.28984976315148
Heart_4_CKDL190139952-1a-D704-AK1680_H3WF3BBXX_L4	45.83	6999393.0							
Heart_4_CKDL190139952-1a-D704-AK1680_H3WF3BBXX_L4_1			21.9788	0.973158	2929657678.0	30544758.0	0.547354	91.75768257760592	77.90009895909404
Heart_5_CKDL190139952-1a-D705-AK1680_H3WF3BBXX_L4	53.18	7676705.0							
Heart_5_CKDL190139952-1a-D705-AK1680_H3WF3BBXX_L4_1			19.171499999999998	0.972966	2759897275.0	28869816.0	0.536932	90.86958497861734	78.41846192159268
Heart_6_CKDL190139952-1a-D701-AK1681_H3WF3BBXX_L4	43.27	6342071.0							
Heart_6_CKDL190139952-1a-D701-AK1681_H3WF3BBXX_L4_1			21.889400000000002	0.9728	2744423203.0	29313802.0	0.579126	84.37130347780551	80.48556626179642
Heart_7_CKDL190139952-1a-D702-AK1681_H3WF3BBXX_L4	40.08	6696059.0							
Heart_7_CKDL190139952-1a-D702-AK1681_H3WF3BBXX_L4_1			26.777	0.971944	3284207632.0	33411276.0	0.579753	90.6717994552084	77.48568696774416
Heart_8_CKDL190139952-1a-DY0088-AK1681_H3WF3BBXX_L4	46.38	7367042.0							
Heart_8_CKDL190139952-1a-DY0088-AK1681_H3WF3BBXX_L4_1			24.7319	0.970637	3234927354.0	31771100.0	0.562377	94.85778721432956	74.19764047856351
Heart_9_CKDL190139952-1a-D704-AK1681_H3WF3BBXX_L4	44.0	8991490.0							
Heart_9_CKDL190139952-1a-D704-AK1681_H3WF3BBXX_L4_1			36.859199999999994	0.96822	5139997940.0	40872632.0	0.587145	96.6914766333491	47.4748093169096
brain_10_CKDL190139954-1a-D705-AK1681_H3WF3BBXX_L6	54.66	6233169.0							
brain_10_CKDL190139954-1a-D705-AK1681_H3WF3BBXX_L6_1			25.9863	0.967752	2749036814.0	22808812.0	0.55546	98.03361236616811	60.13240255720738
brain_11_CKDL190139954-1a-D701-AK1682_H3WF3BBXX_L6	50.45	5372905.0							
brain_11_CKDL190139954-1a-D701-AK1682_H3WF3BBXX_L6_1			27.8204	0.967011	2516250042.0	21300008.0	0.560172	98.26890847643296	61.00856803061707
brain_12_CKDL190139954-1a-D702-AK1682_H3WF3BBXX_L6	52.27	6144409.0							
brain_12_CKDL190139954-1a-D702-AK1682_H3WF3BBXX_L6_1			26.354499999999998	0.967794	2720945635.0	23512298.0	0.554254	98.09810904856805	64.73765221556978
brain_13_CKDL190139954-1a-DY0088-AK1682_H3WF3BBXX_L6	54.3	6035940.0							
brain_13_CKDL190139954-1a-DY0088-AK1682_H3WF3BBXX_L6_1			23.5707	0.967729	2431698469.0	22229938.0	0.541164	98.03361570150987	67.88554880808783
brain_14_CKDL190139954-1a-D704-AK1682_H3WF3BBXX_L6	55.32	6323395.0							
brain_14_CKDL190139954-1a-D704-AK1682_H3WF3BBXX_L6_1			21.324199999999998	0.969128	2398662034.0	22861028.0	0.542582	97.75396629786373	71.52493435043058
brain_15_CKDL190139954-1a-D705-AK1682_H3WF3BBXX_L6	57.11	5859179.0							
brain_15_CKDL190139954-1a-D705-AK1682_H3WF3BBXX_L6_1			23.1766	0.966767	2408263897.0	20520594.0	0.543238	97.85716186393613	61.846129694373076
brain_16_CKDL190139954-1a-D701-AK1780_H3WF3BBXX_L6	56.43	5802702.0							
brain_16_CKDL190139954-1a-D701-AK1780_H3WF3BBXX_L6_1			19.4433	0.963339	2275222195.0	20564606.0	0.55028	95.02495001448621	67.24533726532685
brain_17_CKDL190139954-1a-D702-AK1780_H3WF3BBXX_L6	49.75	5902586.0							
brain_17_CKDL190139954-1a-D702-AK1780_H3WF3BBXX_L6_1			28.308899999999998	0.964752	2907740343.0	23730202.0	0.581245	97.03351483720998	56.09948381717194
brain_18_CKDL190139954-1a-DY0088-AK1780_H3WF3BBXX_L6	14.09	1942811.0							
brain_18_CKDL190139954-1a-DY0088-AK1780_H3WF3BBXX_L6_1			25.7498	0.969469	2532547087.0	27585712.0	0.578447	98.31939302377668	77.19081389462201
brain_19_CKDL190139954-1a-D704-AK1780_H3WF3BBXX_L6	13.55	1840608.0							
brain_19_CKDL190139954-1a-D704-AK1780_H3WF3BBXX_L6_1			32.6674	0.968073	2838022025.0	27175522.0	0.580385	98.60476305376804	70.16676675114886
brain_1_CKDL190139954-1a-D701-AK1680_H3WF3BBXX_L6	52.27	35421034.0							
brain_1_CKDL190139954-1a-D701-AK1680_H3WF3BBXX_L6_1			22.697300000000002	0.970404	12713836439.0	135520164.0	0.555599	97.58392517038642	77.9480714740901
brain_20_CKDL190139954-1a-D705-AK1780_H3WF3BBXX_L6	12.31	1456473.0							
brain_20_CKDL190139954-1a-D705-AK1780_H3WF3BBXX_L6_1			33.0851	0.967166	2550279159.0	23667644.0	0.582591	98.25460530762192	67.09659584268996
brain_2_CKDL190139954-1a-D702-AK1680_H3WF3BBXX_L6	52.05	27917546.0							
brain_2_CKDL190139954-1a-D702-AK1680_H3WF3BBXX_L6_1			32.5192	0.968938	11992342522.0	107263428.0	0.542827	98.64908053000693	67.88686388114577
brain_3_CKDL190139954-1a-DY0088-AK1680_H3WF3BBXX_L6	51.46	5727348.0							
brain_3_CKDL190139954-1a-DY0088-AK1680_H3WF3BBXX_L6_1			24.1798	0.967726	2405800727.0	22260080.0	0.545773	98.46609310594737	68.22303135757802
brain_4_CKDL190139954-1a-D704-AK1680_H3WF3BBXX_L6	58.11	7148367.0							
brain_4_CKDL190139954-1a-D704-AK1680_H3WF3BBXX_L6_1			17.9097	0.969875	2448294731.0	24603490.0	0.534093	97.83012546405062	75.72512457257083
brain_5_CKDL190139954-1a-D705-AK1680_H3WF3BBXX_L6	51.76	4485690.0							
brain_5_CKDL190139954-1a-D705-AK1680_H3WF3BBXX_L6_1			18.5006	0.970123	1678578264.0	17331880.0	0.548262	97.73727506229582	76.18801348797268
brain_6_CKDL190139954-1a-D701-AK1681_H3WF3BBXX_L6	47.17	5163227.0							
brain_6_CKDL190139954-1a-D701-AK1681_H3WF3BBXX_L6_1			29.941200000000002	0.968653	2558775539.0	21890156.0	0.578318	97.88338197060872	63.119195174495445
brain_7_CKDL190139954-1a-D702-AK1681_H3WF3BBXX_L6	57.98	7057079.0							
brain_7_CKDL190139954-1a-D702-AK1681_H3WF3BBXX_L6_1			21.7164	0.96666	2722167745.0	24344780.0	0.528612	98.3127211955258	65.74944046653593
brain_8_CKDL190139954-1a-DY0088-AK1681_H3WF3BBXX_L6	56.57	6264365.0							
brain_8_CKDL190139954-1a-DY0088-AK1681_H3WF3BBXX_L6_1			22.2304	0.968194	2433365281.0	22145476.0	0.530221	98.48080010317027	66.20188908307429
brain_9_CKDL190139954-1a-D704-AK1681_H3WF3BBXX_L6	52.96	7266975.0							
brain_9_CKDL190139954-1a-D704-AK1681_H3WF3BBXX_L6_1			21.9999	0.971485	2793793503.0	27443348.0	0.552926	98.16093739984801	75.27144769432923
muscle_10_CKDL190139953-1a-D708-AK1545_H3WF3BBXX_L5	43.37	7095730.0							
muscle_10_CKDL190139953-1a-D708-AK1545_H3WF3BBXX_L5_1			41.0826	0.967911	4162198193.0	32722676.0	0.594507	98.44974193655143	52.25307517461215
muscle_11_CKDL190139953-1a-D709-AK1545_H3WF3BBXX_L5	47.2	7028529.0							
muscle_11_CKDL190139953-1a-D709-AK1545_H3WF3BBXX_L5_1			45.104699999999994	0.969186	3766700583.0	29784952.0	0.590468	98.69774437266207	54.3115658037164
muscle_12_CKDL190139953-1a-D710-AK1545_H3WF3BBXX_L5	45.53	9217261.0							
muscle_12_CKDL190139953-1a-D710-AK1545_H3WF3BBXX_L5_1			39.7482	0.968633	5106647813.0	40486392.0	0.588331	98.52430102228618	52.75102221075333
muscle_13_CKDL190139953-1a-D711-AK1545_H3WF3BBXX_L5	44.22	6684609.0							
muscle_13_CKDL190139953-1a-D711-AK1545_H3WF3BBXX_L5_1			39.5698	0.967128	3838122954.0	30230080.0	0.610444	98.49028444622607	50.5662378153212
muscle_14_CKDL190139953-1a-D712-AK1545_H3WF3BBXX_L5	44.61	8518882.0							
muscle_14_CKDL190139953-1a-D712-AK1545_H3WF3BBXX_L5_1			42.1899	0.966848	5033277539.0	38193220.0	0.586599	98.3081864227326	39.59011799539867
muscle_15_CKDL190139953-1a-D708-AK1546_H3WF3BBXX_L5	44.27	7721757.0							
muscle_15_CKDL190139953-1a-D708-AK1546_H3WF3BBXX_L5_1			36.553000000000004	0.970196	3929734096.0	34883466.0	0.612825	96.4673504843795	69.16392079136074
muscle_16_CKDL190139953-1a-D709-AK1546_H3WF3BBXX_L5	49.55	8171935.0							
muscle_16_CKDL190139953-1a-D709-AK1546_H3WF3BBXX_L5_1			38.3601	0.967537	4235870363.0	32985798.0	0.599362	98.29301773212607	47.61353544801192
muscle_17_CKDL190139953-1a-D710-AK1546_H3WF3BBXX_L5	51.28	7149167.0							
muscle_17_CKDL190139953-1a-D710-AK1546_H3WF3BBXX_L5_1			36.2495	0.968964	3372686386.0	27885176.0	0.595323	97.89973136637742	61.71554144301011
muscle_18_CKDL190139953-1a-D711-AK1546_H3WF3BBXX_L5	49.34	9216814.0							
muscle_18_CKDL190139953-1a-D711-AK1546_H3WF3BBXX_L5_1			40.7057	0.96575	4773159167.0	37361012.0	0.591088	98.21246071016516	49.020538623974495
muscle_19_CKDL190139953-1a-D712-AK1546_H3WF3BBXX_L5	49.89	8360229.0							
muscle_19_CKDL190139953-1a-D712-AK1546_H3WF3BBXX_L5_1			40.3878	0.968564	4223981349.0	33514796.0	0.595743	97.88044255371643	53.39031120533599
muscle_1_CKDL190139953-1a-D708-AK1543_H3WF3BBXX_L5	45.76	10606962.0							
muscle_1_CKDL190139953-1a-D708-AK1543_H3WF3BBXX_L5_1			41.9916	0.965685	5997426117.0	46354492.0	0.618717	98.34796104228128	44.5076978729408
muscle_2_CKDL190139953-1a-D709-AK1543_H3WF3BBXX_L5	45.33	8109095.0							
muscle_2_CKDL190139953-1a-D709-AK1543_H3WF3BBXX_L5_1			40.931200000000004	0.967713	4609984620.0	35779628.0	0.618894	98.57076958950495	49.010549110462556
muscle_3_CKDL190139953-1a-D710-AK1543_H3WF3BBXX_L5	46.56	9325834.0							
muscle_3_CKDL190139953-1a-D710-AK1543_H3WF3BBXX_L5_1			41.084900000000005	0.967725	5110390007.0	40060054.0	0.607857	98.5844463976465	51.62994618369442
muscle_4_CKDL190139953-1a-D711-AK1543_H3WF3BBXX_L5	44.16	8867329.0							
muscle_4_CKDL190139953-1a-D711-AK1543_H3WF3BBXX_L5_1			42.3647	0.965052	5196091770.0	40163624.0	0.626027	98.17801852688669	43.38304173719519
muscle_5_CKDL190139953-1a-D712-AK1543_H3WF3BBXX_L5	43.22	7378945.0							
muscle_5_CKDL190139953-1a-D712-AK1543_H3WF3BBXX_L5_1			38.908	0.968703	4285426716.0	34145822.0	0.616498	98.47886762728429	55.8614814510599
muscle_6_CKDL190139953-1a-D708-AK1544_H3WF3BBXX_L5	58.87	4909685.0							
muscle_6_CKDL190139953-1a-D708-AK1544_H3WF3BBXX_L5_1			49.9845	0.964276	1942333162.0	16680900.0	0.564674	94.16026725622415	56.12315791981162
muscle_7_CKDL190139953-1a-D710-AK1544_H3WF3BBXX_L5	42.68	8467801.0							
muscle_7_CKDL190139953-1a-D710-AK1544_H3WF3BBXX_L5_1			39.77	0.970376	4853854101.0	39682868.0	0.615871	98.06109080729878	60.444024013741796
muscle_8_CKDL190139953-1a-D711-AK1544_H3WF3BBXX_L5	40.73	7263435.0							
muscle_8_CKDL190139953-1a-D711-AK1544_H3WF3BBXX_L5_1			40.7632	0.968376	4475097876.0	35665008.0	0.630283	98.44995392327877	55.282773931242005
muscle_9_CKDL190139953-1a-D712-AK1544_H3WF3BBXX_L5	40.56	9195169.0							
muscle_9_CKDL190139953-1a-D712-AK1544_H3WF3BBXX_L5_1			44.716699999999996	0.969006	5884724040.0	45337066.0	0.629992	98.47788174834358	46.64194756762571
spleen_10_CKDL190139955-1a-D708-AK1545_H3WF3BBXX_L7	71.15	13424695.0							
spleen_10_CKDL190139955-1a-D708-AK1545_H3WF3BBXX_L7_1			77.607	0.958439	5231306935.0	37737318.0	0.519566	98.93176510535095	21.826674434262248
spleen_11_CKDL190139955-1a-D709-AK1545_H3WF3BBXX_L7	71.32	15142080.0							
spleen_11_CKDL190139955-1a-D709-AK1545_H3WF3BBXX_L7_1			75.9365	0.958663	5901412158.0	42462364.0	0.515888	98.81373340412651	19.7910910997938
spleen_12_CKDL190139955-1a-D710-AK1545_H3WF3BBXX_L7	65.06	13910862.0							
spleen_12_CKDL190139955-1a-D710-AK1545_H3WF3BBXX_L7_1			44.4298	0.957585	5918497180.0	42765324.0	0.53646	98.7143707645358	20.53144792352611
spleen_13_CKDL190139955-1a-D711-AK1545_H3WF3BBXX_L7	71.76	12378108.0							
spleen_13_CKDL190139955-1a-D711-AK1545_H3WF3BBXX_L7_1			65.15520000000001	0.956523	4792831462.0	34500460.0	0.509583	98.86630799785672	19.423692189556913
spleen_14_CKDL190139955-1a-D712-AK1545_H3WF3BBXX_L7	68.97	12897545.0							
spleen_14_CKDL190139955-1a-D712-AK1545_H3WF3BBXX_L7_1			68.6893	0.957489	5212726101.0	37402606.0	0.521691	98.75855416566243	18.023590348909202
spleen_15_CKDL190139955-1a-D708-AK1546_H3WF3BBXX_L7	64.91	10559992.0							
spleen_15_CKDL190139955-1a-D708-AK1546_H3WF3BBXX_L7_1			70.4813	0.956243	4479916140.0	32537342.0	0.536882	98.75753838959007	22.043408788961273
spleen_16_CKDL190139955-1a-D709-AK1546_H3WF3BBXX_L7	64.38	10257904.0							
spleen_16_CKDL190139955-1a-D709-AK1546_H3WF3BBXX_L7_1			69.104	0.957687	4359113162.0	31865040.0	0.540688	98.72680534896915	23.818486542436393
spleen_17_CKDL190139955-1a-D710-AK1546_H3WF3BBXX_L7	62.2	17535188.0							
spleen_17_CKDL190139955-1a-D710-AK1546_H3WF3BBXX_L7_1			66.2613	0.959792	7636198450.0	56384712.0	0.549556	98.97457011974676	28.68270309225625
spleen_18_CKDL190139955-1a-D711-AK1546_H3WF3BBXX_L7	64.55	9595152.0							
spleen_18_CKDL190139955-1a-D711-AK1546_H3WF3BBXX_L7_1			75.3738	0.954971	4114105072.0	29727986.0	0.542552	98.6752850026906	18.598779755783866
spleen_19_CKDL190139955-1a-D712-AK1546_H3WF3BBXX_L7	65.44	15578294.0							
spleen_19_CKDL190139955-1a-D712-AK1546_H3WF3BBXX_L7_1			68.1232	0.968859	5737679260.0	47608402.0	0.536117	99.15551901981657	64.98521989583426
spleen_1_CKDL190139955-1a-D708-AK1543_H3WF3BBXX_L7	39.63	7863507.0							
spleen_1_CKDL190139955-1a-D708-AK1543_H3WF3BBXX_L7_1			59.3155	0.960274	5130059510.0	39680386.0	0.628353	98.79566566119152	38.47646415345686
spleen_2_CKDL190139955-1a-D709-AK1543_H3WF3BBXX_L7	65.17	10435252.0							
spleen_2_CKDL190139955-1a-D709-AK1543_H3WF3BBXX_L7_1			73.3378	0.958194	4314215167.0	32022276.0	0.545915	98.8187035882897	28.330302326709557
spleen_3_CKDL190139955-1a-D710-AK1543_H3WF3BBXX_L7	76.24	10034041.0							
spleen_3_CKDL190139955-1a-D710-AK1543_H3WF3BBXX_L7_1			68.2559	0.958417	3553458327.0	26320712.0	0.494577	98.75984701342843	27.506124670878208
spleen_4_CKDL190139955-1a-D711-AK1543_H3WF3BBXX_L7	52.67	9093074.0							
spleen_4_CKDL190139955-1a-D711-AK1543_H3WF3BBXX_L7_1			66.8139	0.959465	4578827084.0	34528736.0	0.592803	98.75525498436275	31.793978185758657
spleen_5_CKDL190139955-1a-D712-AK1543_H3WF3BBXX_L7	75.44	10277169.0							
spleen_5_CKDL190139955-1a-D712-AK1543_H3WF3BBXX_L7_1			75.58709999999999	0.957903	3668639441.0	27246930.0	0.503486	98.4969230432204	23.979158667032117
spleen_6_CKDL190139955-1a-D708-AK1544_H3WF3BBXX_L7	51.78	7806450.0							
spleen_6_CKDL190139955-1a-D708-AK1544_H3WF3BBXX_L7_1			81.06790000000001	0.958883	4084596223.0	30153426.0	0.586071	98.87451288931229	27.513466883687137
spleen_7_CKDL190139955-1a-D709-AK1544_H3WF3BBXX_L7	77.09	12111528.0							
spleen_7_CKDL190139955-1a-D709-AK1544_H3WF3BBXX_L7_1			67.8703	0.957706	4298794700.0	31420828.0	0.493254	98.68071568328784	22.035300509721772
spleen_8_CKDL190139955-1a-D711-AK1544_H3WF3BBXX_L7	53.98	10391142.0							
spleen_8_CKDL190139955-1a-D711-AK1544_H3WF3BBXX_L7_1			64.6632	0.957773	5368075313.0	38499550.0	0.579049	98.98458624859202	18.93987811641186
spleen_9_CKDL190139955-1a-D712-AK1544_H3WF3BBXX_L7	75.37	10195598.0							
spleen_9_CKDL190139955-1a-D712-AK1544_H3WF3BBXX_L7_1			64.0142	0.961858	3740575476.0	27054558.0	0.498265	99.01821950364692	24.521377890588695
